100
509 0 0
420 0 0
406 0 0
-213 0 0
-535 0 0
-614 0 0
-755 0 0
-463 0 0
571 0 0
133 0 0
83 0 0
-61 0 0
876 0 0
964 0 0
198 0 0
-415 0 0
-775 0 0
-499 0 0
433 0 0
235 0 0
-936 0 0
354 0 0
653 0 0
-619 0 0
-603 0 0
-256 0 0
284 0 0
332 0 0
-403 0 0
-358 0 0
-235 0 0
714 0 0
-223 0 0
-715 0 0
588 0 0
301 0 0
551 0 0
-765 0 0
89 0 0
-636 0 0
-832 0 0
880 0 0
-233 0 0
474 0 0
902 0 0
-316 0 0
-402 0 0
180 0 0
-720 0 0
-503 0 0
162 0 0
-498 0 0
-36 0 0
528 0 0
506 0 0
-561 0 0
278 0 0
981 0 0
930 0 0
760 0 0
51 0 0
-124 0 0
965 0 0
-917 0 0
294 0 0
-170 0 0
428 0 0
850 0 0
-90 0 0
-714 0 0
-217 0 0
76 0 0
424 0 0
-51 0 0
672 0 0
920 0 0
-194 0 0
-176 0 0
-246 0 0
207 0 0
59 0 0
448 0 0
894 0 0
-96 0 0
-865 0 0
-632 0 0
774 0 0
-665 0 0
58 0 0
677 0 0
-447 0 0
-578 0 0
140 0 0
-540 0 0
-820 0 0
-877 0 0
-942 0 0
-342 0 0
508 0 0
158 0 0
-746 0 0
-787 0 0
-185 0 0
-246 0 0
-406 0 0
-468 0 0
-94 0 0
-143 0 0
396 0 0
-586 0 0
384 0 0
925 0 0
778 0 0
457 0 0
949 0 0
905 0 0
889 0 0
140 0 0
975 0 0
-176 0 0
-52 0 0
-488 0 0
792 0 0
-140 0 0
936 0 0
-277 0 0
-257 0 0
-687 0 0
305 0 0
-170 0 0
-997 0 0
563 0 0
-123 0 0
-909 0 0
743 0 0
-947 0 0
381 0 0
-189 0 0
656 0 0
965 0 0
497 0 0
299 0 0
-680 0 0
7 0 0
100 0 0
925 0 0
393 0 0
547 0 0
148 0 0
841 0 0
-841 0 0
-800 0 0
-704 0 0
-735 0 0
-8 0 0
359 0 0
404 0 0
-494 0 0
-808 0 0
131 0 0
4 0 0
-692 0 0
194 0 0
-230 0 0
596 0 0
711 0 0
-903 0 0
-960 0 0
73 0 0
-860 0 0
-955 0 0
-387 0 0
441 0 0
-537 0 0
545 0 0
515 0 0
-641 0 0
764 0 0
-519 0 0
-835 0 0
654 0 0
619 0 0
-507 0 0
-258 0 0
427 0 0
466 0 0
-742 0 0
331 0 0
213 0 0
-250 0 0
268 0 0
771 0 0
-391 0 0
-271 0 0
878 0 0
474 0 0
-55 0 0
711 0 0
-924 0 0
-835 0 0
-431 0 0
-551 0 0
-56 0 0
748 0 0
-509 0 0
-272 0 0
-998 0 0
-234 0 0
323 0 0
-311 0 0
-11 0 0
898 0 0
-866 0 0
680 0 0
341 0 0
138 0 0
-969 0 0
-771 0 0
-242 0 0
-227 0 0
-229 0 0
17 0 0
3 0 0
217 0 0
-938 0 0
557 0 0
801 0 0
-595 0 0
-950 0 0
-883 0 0
342 0 0
-336 0 0
66 0 0
-642 0 0
-604 0 0
-331 0 0
501 0 0
-269 0 0
216 0 0
-573 0 0
-647 0 0
-284 0 0
-675 0 0
431 0 0
7 0 0
-677 0 0
971 0 0
369 0 0
-654 0 0
634 0 0
-155 0 0
-338 0 0
579 0 0
594 0 0
-384 0 0
205 0 0
-79 0 0
-955 0 0
141 0 0
48 0 0
219 0 0
-976 0 0
463 0 0
437 0 0
-454 0 0
760 0 0
122 0 0
-645 0 0
-471 0 0
991 0 0
-77 0 0
-648 0 0
671 0 0
421 0 0
447 0 0
612 0 0
11 0 0
-87 0 0
664 0 0
306 0 0
147 0 0
764 0 0
-865 0 0
167 0 0
-286 0 0
789 0 0
630 0 0
-345 0 0
254 0 0
704 0 0
-462 0 0
362 0 0
736 0 0
-59 0 0
-96 0 0
693 0 0
650 0 0
698 0 0
631 0 0
-158 0 0
